0 0.49083333333333334 0.5595238095238095 0.09166666666666667 0.08646616541353383
0 0.5620833333333334 0.5394736842105263 0.0625 0.06390977443609022
0 0.6495833333333334 0.5175438596491228 0.07083333333333333 0.06766917293233082
0 0.7608333333333334 0.5181704260651628 0.06666666666666667 0.06140350877192982
0 0.89875 0.3182957393483709 0.07250000000000001 0.06766917293233082
0 0.8141666666666667 0.26190476190476186 0.065 0.07769423558897243
0 0.7462500000000001 0.2794486215538847 0.052500000000000005 0.047619047619047616
0 0.655 0.293859649122807 0.06166666666666667 0.03634085213032581
0 0.3916666666666667 0.23872180451127817 0.07166666666666667 0.06641604010025062
0 0.5533333333333333 0.3088972431077694 0.058333333333333334 0.043859649122807015
0 0.4475 0.22117794486215536 0.04666666666666667 0.05889724310776942
0 0.5045833333333334 0.24624060150375937 0.030833333333333334 0.03634085213032581
0 0.5470833333333334 0.2449874686716792 0.04583333333333334 0.02882205513784461
0 0.6704166666666667 0.2556390977443609 0.0475 0.040100250626566414
